#[0]step() [1]time(s) [2]total(J) [3]ions(J) [4]electrons(J) [5]total_mean(J) [6]ions_mean(J) [7]electrons_mean(J)
0 0.00000000000000e+00 0.00000000000000e+00 0.00000000000000e+00 0.00000000000000e+00 0.00000000000000e+00 0.00000000000000e+00 0.00000000000000e+00
76 2.17062046133125e-13 1.98166644718809e+03 9.84517657830770e+02 9.97148789357317e+02 9.72451821861952e-16 9.64986165843761e-16 9.79937111979779e-16
152 4.34124092266248e-13 1.97318246685174e+03 9.80600003074352e+02 9.92582463777392e+02 9.71172940659843e-16 9.64395330390916e-16 9.77962931353181e-16
228 6.51186138399375e-13 1.96535399642244e+03 9.77423138546465e+02 9.87930857875975e+02 9.70198184180169e-16 9.64395386613486e-16 9.76008395317913e-16
304 8.68248184532502e-13 1.95797737899930e+03 9.74754363373188e+02 9.83223015626114e+02 9.69226108381095e-16 9.64541786633040e-16 9.73915213535699e-16
380 1.08531023066562e-12 1.95065128330645e+03 9.72163785424272e+02 9.78487497882174e+02 9.68173256023830e-16 9.64607033166217e-16 9.71742641677031e-16
456 1.30237227679874e-12 1.94345668029353e+03 9.69655974437867e+02 9.73800705855660e+02 9.67122354532800e-16 9.64689041258292e-16 9.69557538975706e-16
532 1.51943432293186e-12 1.93629746734825e+03 9.67137930346495e+02 9.69159537001752e+02 9.66049715962055e-16 9.64693160023472e-16 9.67407250814904e-16
608 1.73649636906498e-12 1.92917962714729e+03 9.64526037769576e+02 9.64653589377712e+02 9.64971423281581e-16 9.64628602216704e-16 9.65314442726684e-16
684 1.95355841519811e-12 1.92228259519010e+03 9.62174689328472e+02 9.60107905861627e+02 9.63931786029870e-16 9.64701806784889e-16 9.63161339924705e-16
760 2.17062046133125e-12 1.91530035151887e+03 9.59736364144111e+02 9.55563987374761e+02 9.62857665323833e-16 9.64712957513263e-16 9.61001441168793e-16
836 2.38768250746438e-12 1.90837295512451e+03 9.57285618578632e+02 9.51087336545879e+02 9.61805345822720e-16 9.64716227492151e-16 9.58893178450404e-16
912 2.60474455359752e-12 1.90143328632198e+03 9.54899341339578e+02 9.46533944982407e+02 9.60740515436618e-16 9.64753520371729e-16 9.56725731509349e-16
988 2.82180659973065e-12 1.89448589201545e+03 9.52397394941110e+02 9.42088497074342e+02 9.59665479706132e-16 9.64705068965462e-16 9.54623983784324e-16
1064 3.03886864586379e-12 1.88765354011942e+03 9.49946618798232e+02 9.37706921321186e+02 9.58666759903574e-16 9.64700504998422e-16 9.52630733635242e-16
1140 3.25593069199692e-12 1.88083821425452e+03 9.47521045538298e+02 9.33317168716221e+02 9.57660719826718e-16 9.64723936488695e-16 9.50595029115571e-16
1216 3.47299273813005e-12 1.87391820311572e+03 9.44980013396379e+02 9.28938189719344e+02 9.56636639910000e-16 9.64673292874211e-16 9.48597442101922e-16
1292 3.69005478426318e-12 1.86719749020199e+03 9.42562429022820e+02 9.24635061179169e+02 9.55666927857880e-16 9.64709402165465e-16 9.46621958211940e-16
1368 3.90711683039629e-12 1.86042684518211e+03 9.40108770456701e+02 9.20318074725410e+02 9.54692141494997e-16 9.64728587783041e-16 9.44653212666427e-16
1444 4.12417887652939e-12 1.85358820582458e+03 9.37598083402711e+02 9.15990122421868e+02 9.53685194785051e-16 9.64702095336114e-16 9.42665997219366e-16
1520 4.34124092266249e-12 1.84687576444215e+03 9.35070990309438e+02 9.11804774132711e+02 9.52742561222625e-16 9.64662607216617e-16 9.40820482849314e-16
1596 4.55830296879560e-12 1.84017376362868e+03 9.32649375752158e+02 9.07524387876520e+02 9.51779246522093e-16 9.64697166415711e-16 9.38859256569343e-16
1672 4.77536501492870e-12 1.83348414141453e+03 9.30123855702527e+02 9.03360285712005e+02 9.50838219968934e-16 9.64668436123127e-16 9.37006590881403e-16
1748 4.99242706106181e-12 1.82674912623910e+03 9.27611469567964e+02 8.99137656671141e+02 9.49881574400375e-16 9.64645870414390e-16 9.35116003369609e-16
1824 5.20948910719491e-12 1.82008491757082e+03 9.25128530817879e+02 8.94956386752939e+02 9.48948049836184e-16 9.64650723448610e-16 9.33244453256432e-16
1900 5.42655115332802e-12 1.81341470075385e+03 9.22602532077765e+02 8.90812168676087e+02 9.48025026283692e-16 9.64640146001598e-16 9.31409755396634e-16
1976 5.64361319946112e-12 1.80668659185548e+03 9.19979319300091e+02 8.86707272555391e+02 9.47073427457684e-16 9.64521892637550e-16 9.29625219343355e-16
2052 5.86067524559422e-12 1.80010649152999e+03 9.17565448320751e+02 8.82541043209235e+02 9.46168818143729e-16 9.64573015955896e-16 9.27764419279184e-16
2128 6.07773729172733e-12 1.79342768230191e+03 9.14983876974568e+02 8.78443805327344e+02 9.45227014123397e-16 9.64509226524711e-16 9.25945751234085e-16
2204 6.29479933786043e-12 1.78673331738438e+03 9.12423386416726e+02 8.74309930967657e+02 9.44287490585127e-16 9.64488728355010e-16 9.24088694829549e-16
2280 6.51186138399354e-12 1.78014595751214e+03 9.09875818224632e+02 8.70270139287504e+02 9.43360920659392e-16 9.64412234204992e-16 9.22312352662645e-16
2356 6.72892343012664e-12 1.77354469216006e+03 9.07373700588371e+02 8.66170991571693e+02 9.42405937493563e-16 9.64378773837020e-16 9.20436701301761e-16
2432 6.94598547625974e-12 1.76687970462004e+03 9.04694168029140e+02 8.62185536590902e+02 9.41475289867467e-16 9.64222078959881e-16 9.18733040265464e-16
