#[0]step() [1]time(s) [2]total_lev0(J) [3]E_lev0(J) [4]B_lev0(J)
0 0.00000000000000e+00 9.89477081480644e+00 3.34083233142403e-06 9.89476747397411e+00
76 2.17062046133125e-13 1.08482048233459e+01 1.00271833175385e+00 9.84548649159208e+00
152 4.34124092266248e-13 1.09899377083576e+01 1.10225950238283e+00 9.88767820597475e+00
228 6.51186138399375e-13 1.09859310715336e+01 1.09844094258964e+00 9.88749012894391e+00
304 8.68248184532502e-13 1.09899932386681e+01 1.10714122095033e+00 9.88285201771776e+00
380 1.08531023066562e-12 1.10187533103252e+01 1.12411587133925e+00 9.89463743898593e+00
456 1.30237227679874e-12 1.10494343269666e+01 1.13894925452224e+00 9.91048507244438e+00
532 1.51943432293186e-12 1.10875985590855e+01 1.15846531490182e+00 9.92913324418366e+00
608 1.73649636906498e-12 1.11292515947980e+01 1.18691094021711e+00 9.94234065458089e+00
684 1.95355841519811e-12 1.11398361636381e+01 1.18863726245610e+00 9.95119890118201e+00
760 2.17062046133125e-12 1.11532677782837e+01 1.19860512590855e+00 9.95466265237514e+00
836 2.38768250746438e-12 1.11687634620144e+01 1.20821342173127e+00 9.96055004028317e+00
912 2.60474455359752e-12 1.11850255103399e+01 1.22517128615505e+00 9.95985422418483e+00
988 2.82180659973065e-12 1.11729124298869e+01 1.21633516064589e+00 9.95657726924100e+00
1064 3.03886864586379e-12 1.11920226904136e+01 1.22831703276194e+00 9.96370565765171e+00
1140 3.25593069199692e-12 1.12103532005666e+01 1.24859835185020e+00 9.96175484871637e+00
1216 3.47299273813005e-12 1.12108555073644e+01 1.25396769167174e+00 9.95688781569266e+00
1292 3.69005478426318e-12 1.12070978603903e+01 1.25567127856576e+00 9.95142658182458e+00
1368 3.90711683039629e-12 1.12255615950338e+01 1.27792627836388e+00 9.94763531666989e+00
1444 4.12417887652939e-12 1.12104732658783e+01 1.26260376268048e+00 9.94786950319783e+00
1520 4.34124092266249e-12 1.12089833237306e+01 1.26278616870291e+00 9.94619715502772e+00
1596 4.55830296879560e-12 1.12279513568660e+01 1.28994064369720e+00 9.93801071316882e+00
1672 4.77536501492870e-12 1.12176639253594e+01 1.28662407904936e+00 9.93103984630999e+00
1748 4.99242706106181e-12 1.12046838778767e+01 1.28283518737431e+00 9.92184869050241e+00
1824 5.20948910719491e-12 1.12096860905005e+01 1.29045005791387e+00 9.91923603258662e+00
1900 5.42655115332802e-12 1.12028204726469e+01 1.29953379033999e+00 9.90328668230690e+00
1976 5.64361319946112e-12 1.11936772125905e+01 1.30917706416931e+00 9.88450014842121e+00
2052 5.86067524559422e-12 1.11742201988092e+01 1.30268222923153e+00 9.87153796957763e+00
2128 6.07773729172733e-12 1.11610038659437e+01 1.30199477165613e+00 9.85900909428754e+00
2204 6.29479933786043e-12 1.11454507639045e+01 1.30295391698154e+00 9.84249684692295e+00
2280 6.51186138399354e-12 1.11290460907991e+01 1.29798230559915e+00 9.83106378519996e+00
2356 6.72892343012664e-12 1.11051019095623e+01 1.28996862263136e+00 9.81513328693095e+00
2432 6.94598547625974e-12 1.10966588918834e+01 1.29627653413018e+00 9.80038235775324e+00
