#[0]step() [1]time(s) [2]total(J) [3]ions(J) [4]electrons(J) [5]total_mean(J) [6]ions_mean(J) [7]electrons_mean(J)
0 0.00000000000000e+00 0.00000000000000e+00 0.00000000000000e+00 0.00000000000000e+00 0.00000000000000e+00 0.00000000000000e+00 0.00000000000000e+00
76 2.17062046133125e-13 8.90506712242212e+02 4.42795957483022e+02 4.47710754759189e+02 9.72650095542511e-16 9.65387238499247e-16 9.79941517311955e-16
152 4.34124092266248e-13 8.84803137813519e+02 4.40248370239005e+02 4.44554767574514e+02 9.70835097994500e-16 9.64763857657907e-16 9.76923304212288e-16
228 6.51186138399375e-13 8.79478971577610e+02 4.38077358406216e+02 4.41401613171394e+02 9.69372581725102e-16 9.64779135065814e-16 9.73974887036099e-16
304 8.68248184532502e-13 8.74425005902908e+02 4.36199416823881e+02 4.38225589079027e+02 9.67913914072347e-16 9.64934581477782e-16 9.70897798378790e-16
380 1.08531023066562e-12 8.69453563372000e+02 4.34382025816929e+02 4.35071537555071e+02 9.66365902276469e-16 9.64966313786266e-16 9.67767328823113e-16
456 1.30237227679874e-12 8.64607263993474e+02 4.32639929210647e+02 4.31967334782827e+02 9.64785951364371e-16 9.64982527402261e-16 9.64589149507463e-16
532 1.51943432293186e-12 8.59776646566293e+02 4.30916498338083e+02 4.28860148228210e+02 9.63155123662449e-16 9.64938714173915e-16 9.61369609734299e-16
608 1.73649636906498e-12 8.54916409670933e+02 4.29196310357273e+02 4.25720099313660e+02 9.61426430237982e-16 9.64845124582067e-16 9.58004257470638e-16
684 1.95355841519811e-12 8.50119749546720e+02 4.27475859825008e+02 4.22643889721712e+02 9.59738329897537e-16 9.64724248209310e-16 9.54747560293225e-16
760 2.17062046133125e-12 8.45292863679439e+02 4.25728912162119e+02 4.19563951517319e+02 9.57971334696662e-16 9.64548743746893e-16 9.51388340464590e-16
836 2.38768250746438e-12 8.40556923144489e+02 4.24066034718214e+02 4.16490888426274e+02 9.56245717840728e-16 9.64479504566684e-16 9.48005372861956e-16
912 2.60474455359752e-12 8.35807766378838e+02 4.22392902978157e+02 4.13414863400681e+02 9.54444145092992e-16 9.64339315162189e-16 9.44541641128532e-16
988 2.82180659973065e-12 8.31129347319992e+02 4.20750204970237e+02 4.10379142349756e+02 9.52728147348406e-16 9.64260245153153e-16 9.41187523832792e-16
1064 3.03886864586379e-12 8.26386184933077e+02 4.19050764062947e+02 4.07335420870130e+02 9.50927154145812e-16 9.64091510442762e-16 9.37754150127651e-16
1140 3.25593069199692e-12 8.21645055249068e+02 4.17374259864094e+02 4.04270795384975e+02 9.49092236357008e-16 9.63931575844184e-16 9.34243760987005e-16
1216 3.47299273813005e-12 8.16903538299086e+02 4.15626476728331e+02 4.01277061570755e+02 9.47278531184346e-16 9.63636278566170e-16 9.30911214389420e-16
1292 3.69005478426318e-12 8.12250153578409e+02 4.13998483128034e+02 3.98251670450374e+02 9.45490504012956e-16 9.63573316770743e-16 9.27398415098386e-16
1368 3.90711683039629e-12 8.07542899545293e+02 4.12283935838488e+02 3.95258963706805e+02 9.43663580888116e-16 9.63325419578681e-16 9.23992233188213e-16
1444 4.12417887652939e-12 8.02886110022559e+02 4.10629007236986e+02 3.92257102785573e+02 9.41894935226411e-16 9.63221933510563e-16 9.20557937711915e-16
1520 4.34124092266249e-12 7.98156902877939e+02 4.08885722101448e+02 3.89271180776490e+02 9.40022360335379e-16 9.62934788574632e-16 9.17100963315418e-16
1596 4.55830296879560e-12 7.93381856661897e+02 4.07147635651952e+02 3.86234221009946e+02 9.38112845460975e-16 9.62650486780546e-16 9.13565472383993e-16
1672 4.77536501492870e-12 7.88640741946578e+02 4.05400626276494e+02 3.83240115670085e+02 9.36223932499991e-16 9.62367134250245e-16 9.10071800383611e-16
1748 4.99242706106181e-12 7.83973448109722e+02 4.03713976253986e+02 3.80259471855737e+02 9.34354260257000e-16 9.62169525458327e-16 9.06531000417776e-16
1824 5.20948910719491e-12 7.79266131475645e+02 4.01949621475466e+02 3.77316510000179e+02 9.32470009214290e-16 9.61829144110907e-16 9.03103739853028e-16
1900 5.42655115332802e-12 7.74593452249672e+02 4.00240065679279e+02 3.74353386570393e+02 9.30576504839569e-16 9.61585418748003e-16 8.99561742473969e-16
1976 5.64361319946112e-12 7.69947577094651e+02 3.98537790787819e+02 3.71409786306832e+02 9.28694826981984e-16 9.61352113948173e-16 8.96033194916028e-16
2052 5.86067524559422e-12 7.65362612904144e+02 3.96842714665715e+02 3.68519898238429e+02 9.26843107785884e-16 9.61116269055083e-16 8.92568137681684e-16
2128 6.07773729172733e-12 7.60799591708201e+02 3.95163051354963e+02 3.65636540353238e+02 9.24954555909224e-16 9.60812592542945e-16 8.89093585583479e-16
2204 6.29479933786043e-12 7.56108810351770e+02 3.93397821369455e+02 3.62710988982315e+02 9.22994146532189e-16 9.60450562201099e-16 8.85537458448738e-16
2280 6.51186138399354e-12 7.51506249448872e+02 3.91684730711974e+02 3.59821518736898e+02 9.21059465592276e-16 9.60135198218556e-16 8.81985654817184e-16
2356 6.72892343012664e-12 7.46872010777698e+02 3.89938088398157e+02 3.56933922379542e+02 9.19141734995980e-16 9.59831261651854e-16 8.78458379054515e-16
2432 6.94598547625974e-12 7.42331532821293e+02 3.88271371971362e+02 3.54060160849931e+02 9.17243842070132e-16 9.59561410634272e-16 8.74930270667776e-16
