#[0]step() [1]time(s) [2]total_lev0(J) [3]E_lev0(J) [4]B_lev0(J)
0 0.00000000000000e+00 9.89477081480644e+00 3.34083233142403e-06 9.89476747397411e+00
76 2.17062046133125e-13 1.08482048233459e+01 1.00271833175385e+00 9.84548649159208e+00
152 4.34124092266248e-13 1.09899377083576e+01 1.10225950238283e+00 9.88767820597475e+00
228 6.51186138399375e-13 1.09859310715336e+01 1.09844094258964e+00 9.88749012894391e+00
304 8.68248184532502e-13 1.09899932386681e+01 1.10714122095033e+00 9.88285201771776e+00
380 1.08531023066562e-12 1.10187533103252e+01 1.12411587133925e+00 9.89463743898593e+00
456 1.30237227679874e-12 1.10494343269666e+01 1.13894925452224e+00 9.91048507244438e+00
532 1.51943432293186e-12 1.10875985590855e+01 1.15846531490180e+00 9.92913324418367e+00
608 1.73649636906498e-12 1.11292515947981e+01 1.18691094021722e+00 9.94234065458089e+00
684 1.95355841519811e-12 1.11398361636384e+01 1.18863726245638e+00 9.95119890118201e+00
760 2.17062046133125e-12 1.11532677782832e+01 1.19860512590807e+00 9.95466265237513e+00
836 2.38768250746438e-12 1.11687634620166e+01 1.20821342173344e+00 9.96055004028312e+00
912 2.60474455359752e-12 1.11850255103421e+01 1.22517128615609e+00 9.95985422418603e+00
988 2.82180659973065e-12 1.11729124299023e+01 1.21633516066003e+00 9.95657726924223e+00
1064 3.03886864586379e-12 1.11920226904129e+01 1.22831703275787e+00 9.96370565765500e+00
1140 3.25593069199692e-12 1.12103532006138e+01 1.24859835188929e+00 9.96175484872454e+00
1216 3.47299273813005e-12 1.12108555074408e+01 1.25396769176566e+00 9.95688781567514e+00
1292 3.69005478426318e-12 1.12070978602171e+01 1.25567127842498e+00 9.95142658179212e+00
1368 3.90711683039629e-12 1.12255615968435e+01 1.27792628016058e+00 9.94763531668293e+00
1444 4.12417887652939e-12 1.12104732646518e+01 1.26260376166665e+00 9.94786950298515e+00
1520 4.34124092266249e-12 1.12089833162538e+01 1.26278616319836e+00 9.94619715305541e+00
1596 4.55830296879560e-12 1.12279524422007e+01 1.28994162205079e+00 9.93801082014986e+00
1672 4.77536501492870e-12 1.12176644174271e+01 1.28662470418135e+00 9.93103971324574e+00
1748 4.99242706106181e-12 1.12046850726752e+01 1.28283655026268e+00 9.92184852241254e+00
1824 5.20948910719491e-12 1.12096861394341e+01 1.29045276869377e+00 9.91923337074031e+00
1900 5.42655115332802e-12 1.12028193538473e+01 1.29953270673161e+00 9.90328664711573e+00
1976 5.64361319946112e-12 1.11936746626598e+01 1.30917711773499e+00 9.88449754492486e+00
2052 5.86067524559422e-12 1.11741864805676e+01 1.30264815922264e+00 9.87153832134499e+00
2128 6.07773729172733e-12 1.11608657807868e+01 1.30185304378935e+00 9.85901273699741e+00
2204 6.29479933786043e-12 1.11455855569468e+01 1.30308849403312e+00 9.84249706291367e+00
2280 6.51186138399354e-12 1.11294301086838e+01 1.29843179000232e+00 9.83099831868151e+00
2356 6.72892343012664e-12 1.11049142611444e+01 1.28969551988538e+00 9.81521874125903e+00
2432 6.94598547625974e-12 1.10964982390647e+01 1.29612106951650e+00 9.80037716954815e+00
