#[0]step() [1]time(s) [2]total(J) [3]ions(J) [4]electrons(J) [5]total_mean(J) [6]ions_mean(J) [7]electrons_mean(J)
0 0.00000000000000e+00 0.00000000000000e+00 0.00000000000000e+00 0.00000000000000e+00 0.00000000000000e+00 0.00000000000000e+00 0.00000000000000e+00
76 2.17062046133125e-13 8.90506712242212e+02 4.42795957483022e+02 4.47710754759189e+02 9.72650095542511e-16 9.65387238499247e-16 9.79941517311955e-16
152 4.34124092266248e-13 8.84803137813519e+02 4.40248370239005e+02 4.44554767574514e+02 9.70835097994500e-16 9.64763857657907e-16 9.76923304212288e-16
228 6.51186138399375e-13 8.79478971577611e+02 4.38077358406216e+02 4.41401613171394e+02 9.69372581725102e-16 9.64779135065815e-16 9.73974887036099e-16
304 8.68248184532502e-13 8.74425005902908e+02 4.36199416823881e+02 4.38225589079027e+02 9.67913914072347e-16 9.64934581477782e-16 9.70897798378790e-16
380 1.08531023066562e-12 8.69453563372000e+02 4.34382025816929e+02 4.35071537555071e+02 9.66365902276469e-16 9.64966313786266e-16 9.67767328823113e-16
456 1.30237227679874e-12 8.64607263993474e+02 4.32639929210647e+02 4.31967334782827e+02 9.64785951364371e-16 9.64982527402261e-16 9.64589149507463e-16
532 1.51943432293186e-12 8.59776646566293e+02 4.30916498338083e+02 4.28860148228210e+02 9.63155123662449e-16 9.64938714173915e-16 9.61369609734299e-16
608 1.73649636906498e-12 8.54916409670932e+02 4.29196310357273e+02 4.25720099313660e+02 9.61426430237982e-16 9.64845124582067e-16 9.58004257470638e-16
684 1.95355841519811e-12 8.50119749546719e+02 4.27475859825008e+02 4.22643889721711e+02 9.59738329897537e-16 9.64724248209310e-16 9.54747560293224e-16
760 2.17062046133125e-12 8.45292863679439e+02 4.25728912162120e+02 4.19563951517319e+02 9.57971334696663e-16 9.64548743746895e-16 9.51388340464589e-16
836 2.38768250746438e-12 8.40556923144484e+02 4.24066034718216e+02 4.16490888426269e+02 9.56245717840724e-16 9.64479504566687e-16 9.48005372861943e-16
912 2.60474455359752e-12 8.35807766378834e+02 4.22392902978162e+02 4.13414863400672e+02 9.54444145092987e-16 9.64339315162200e-16 9.44541641128510e-16
988 2.82180659973065e-12 8.31129347319968e+02 4.20750204970234e+02 4.10379142349734e+02 9.52728147348379e-16 9.64260245153148e-16 9.41187523832742e-16
1064 3.03886864586379e-12 8.26386184933086e+02 4.19050764062947e+02 4.07335420870139e+02 9.50927154145822e-16 9.64091510442761e-16 9.37754150127672e-16
1140 3.25593069199692e-12 8.21645055248967e+02 4.17374259864066e+02 4.04270795384901e+02 9.49092236356891e-16 9.63931575844119e-16 9.34243760986835e-16
1216 3.47299273813005e-12 8.16903538298897e+02 4.15626476728340e+02 4.01277061570557e+02 9.47278531184127e-16 9.63636278566190e-16 9.30911214388962e-16
1292 3.69005478426318e-12 8.12250153578885e+02 4.13998483127750e+02 3.98251670451135e+02 9.45490504013510e-16 9.63573316770082e-16 9.27398415100157e-16
1368 3.90711683039629e-12 8.07542899542178e+02 4.12283935838245e+02 3.95258963703934e+02 9.43663580884476e-16 9.63325419578112e-16 9.23992233181501e-16
1444 4.12417887652939e-12 8.02886110023893e+02 4.10629007241200e+02 3.92257102782693e+02 9.41894935227976e-16 9.63221933520447e-16 9.20557937705156e-16
1520 4.34124092266249e-12 7.98156902887660e+02 4.08885722108236e+02 3.89271180779424e+02 9.40022360346829e-16 9.62934788590617e-16 9.17100963322329e-16
1596 4.55830296879560e-12 7.93381857218260e+02 4.07147636965544e+02 3.86234220252716e+02 9.38112846118831e-16 9.62650489886373e-16 9.13565470592907e-16
1672 4.77536501492870e-12 7.88640744416772e+02 4.05400626357580e+02 3.83240118059193e+02 9.36223935432448e-16 9.62367134442733e-16 9.10071806056973e-16
1748 4.99242706106181e-12 7.83973449991796e+02 4.03713977583199e+02 3.80259472408597e+02 9.34354262500090e-16 9.62169528626235e-16 9.06531001735784e-16
1824 5.20948910719491e-12 7.79266142790417e+02 4.01949622529293e+02 3.77316520261124e+02 9.32470022753547e-16 9.61829146632619e-16 9.03103764412509e-16
1900 5.42655115332802e-12 7.74593373208574e+02 4.00240058153453e+02 3.74353315055122e+02 9.30576633048070e-16 9.61585400667041e-16 8.99562002122561e-16
1976 5.64361319946112e-12 7.69946604998495e+02 3.98537687844123e+02 3.71408917154373e+02 9.28694529649827e-16 9.61352335583642e-16 8.96032348918094e-16
2052 5.86067524559422e-12 7.65362380293202e+02 3.96842452105992e+02 3.68519928187211e+02 9.26843260213722e-16 9.61116105136643e-16 8.92568608027922e-16
2128 6.07773729172733e-12 7.60800596790905e+02 3.95162963072231e+02 3.65637633718674e+02 9.24955080368856e-16 9.60812377889373e-16 8.89094903301570e-16
2204 6.29479933786043e-12 7.56108666528889e+02 3.93397098737393e+02 3.62711567791497e+02 9.22993286727585e-16 9.60449747815310e-16 8.85536682848208e-16
2280 6.51186138399354e-12 7.51506936872996e+02 3.91684422815958e+02 3.59822514057038e+02 9.21059598713442e-16 9.60134930244064e-16 8.81986288819054e-16
2356 6.72892343012664e-12 7.46871061268599e+02 3.89936284647539e+02 3.56934776621059e+02 9.19141409939031e-16 9.59830616671141e-16 8.78458620889379e-16
2432 6.94598547625974e-12 7.42330982473763e+02 3.88268962083756e+02 3.54062020390007e+02 9.17246238821839e-16 9.59560749588100e-16 8.74935907993263e-16
