#[0]step() [1]time(s) [2]total_lev0(J) [3]E_lev0(J) [4]B_lev0(J)
0 0.00000000000000e+00 9.89512171309661e+00 3.34082184019258e-06 9.89511837227477e+00
114 2.17062046133120e-13 1.04200492744546e+01 7.09868845873117e-01 9.71018042858152e+00
228 4.34124092266240e-13 1.03338720590388e+01 6.41633511917704e-01 9.69223854712109e+00
342 6.51186138399359e-13 1.02932773726922e+01 6.17960043038572e-01 9.67531732965364e+00
456 8.68248184532479e-13 1.02826103717094e+01 6.15020170732596e-01 9.66759020097682e+00
570 1.08531023066560e-12 1.02865067859957e+01 6.15935469726748e-01 9.67057131626898e+00
684 1.30237227679872e-12 1.02935562605675e+01 6.15019675251643e-01 9.67853658531589e+00
798 1.51943432293184e-12 1.03062330251762e+01 6.13486770238627e-01 9.69274625493756e+00
912 1.73649636906496e-12 1.03177967125440e+01 6.15952065583121e-01 9.70184464696090e+00
1026 1.95355841519808e-12 1.03291591067946e+01 6.19436354043703e-01 9.70972275275091e+00
1140 2.17062046133120e-12 1.03347657607542e+01 6.17318643484989e-01 9.71744711726919e+00
1254 2.38768250746432e-12 1.03448182805481e+01 6.20577131003373e-01 9.72424114954476e+00
1368 2.60474455359744e-12 1.03381763114514e+01 6.10687037815699e-01 9.72748927363571e+00
1482 2.82180659973055e-12 1.03390013460028e+01 6.09115156918730e-01 9.72988618908409e+00
1596 3.03886864586367e-12 1.03388377774592e+01 6.05833560884559e-01 9.73300421657459e+00
1710 3.25593069199679e-12 1.03431917127262e+01 6.03437180167662e-01 9.73975453255849e+00
1824 3.47299273812991e-12 1.03458075250484e+01 5.99452011103413e-01 9.74635551394498e+00
1938 3.69005478426304e-12 1.03480515966167e+01 6.00482485115298e-01 9.74756911150137e+00
2052 3.90711683039621e-12 1.03541828618766e+01 6.07024557440105e-01 9.74715830443649e+00
2166 4.12417887652938e-12 1.03520881575635e+01 6.07807284085834e-01 9.74428087347771e+00
2280 4.34124092266254e-12 1.03509948102036e+01 6.06423637832922e-01 9.74457117237071e+00
2394 4.55830296879571e-12 1.03501001458625e+01 6.11340486215596e-01 9.73875965964686e+00
2508 4.77536501492887e-12 1.03371619742052e+01 6.03704252007597e-01 9.73345772219756e+00
2622 4.99242706106204e-12 1.03362360967153e+01 6.05516202237628e-01 9.73071989447766e+00
2736 5.20948910719520e-12 1.03228065333231e+01 5.99616870358070e-01 9.72318966296504e+00
2850 5.42655115332837e-12 1.03215381564887e+01 6.07167215649910e-01 9.71437094083880e+00
2964 5.64361319946153e-12 1.03081790757586e+01 6.03970336823520e-01 9.70420873893504e+00
3078 5.86067524559470e-12 1.03001506870433e+01 6.05507093270724e-01 9.69464359377257e+00
3192 6.07773729172787e-12 1.02935939384665e+01 6.06118938920822e-01 9.68747499954570e+00
3306 6.29479933786103e-12 1.02762664921553e+01 5.96959292932846e-01 9.67930719922246e+00
3420 6.51186138399420e-12 1.02756395435687e+01 6.05943917270805e-01 9.66969562629785e+00
3534 6.72892343012736e-12 1.02672778200919e+01 6.06060837858849e-01 9.66121698223301e+00
3648 6.94598547626053e-12 1.02598786136269e+01 6.06331695036816e-01 9.65354691859006e+00
