#[0]step() [1]time(s) [2]total(J) [3]ions(J) [4]electrons(J) [5]total_mean(J) [6]ions_mean(J) [7]electrons_mean(J)
0 0.00000000000000e+00 0.00000000000000e+00 0.00000000000000e+00 0.00000000000000e+00 0.00000000000000e+00 0.00000000000000e+00 0.00000000000000e+00
114 2.17062046133120e-13 8.92280932083309e+02 4.42435780135614e+02 4.49845151947695e+02 9.74498620303468e-16 9.64770758180198e-16 9.84259525585383e-16
228 4.34124092266240e-13 8.86715110819725e+02 4.40046318553590e+02 4.46668792266135e+02 9.72844571255095e-16 9.64564714072197e-16 9.81141857271422e-16
342 6.51186138399359e-13 8.81284201079731e+02 4.37957703331278e+02 4.43326497748452e+02 9.71094142597244e-16 9.64435000103071e-16 9.77763556507818e-16
456 8.68248184532479e-13 8.76030297089954e+02 4.36008555322118e+02 4.40021741767836e+02 9.69284000158335e-16 9.64208334845542e-16 9.74366358139929e-16
570 1.08531023066560e-12 8.70894734349576e+02 4.34138590877012e+02 4.36756143472564e+02 9.67438340991803e-16 9.63969146057456e-16 9.70911579604192e-16
684 1.30237227679872e-12 8.65807890071982e+02 4.32279885037914e+02 4.33528005034068e+02 9.65561691960813e-16 9.63648549620239e-16 9.67476904991529e-16
798 1.51943432293184e-12 8.60759715366197e+02 4.30435052276100e+02 4.30324663090097e+02 9.63633690349885e-16 9.63277801832438e-16 9.63989933330325e-16
912 1.73649636906496e-12 8.55789614685890e+02 4.28643720481272e+02 4.27145894204618e+02 9.61721202903835e-16 9.62952148311821e-16 9.60489100636648e-16
1026 1.95355841519808e-12 8.50825373963366e+02 4.26859124632064e+02 4.23966249331302e+02 9.59776845524039e-16 9.62603514943777e-16 9.56947610511023e-16
1140 2.17062046133120e-12 8.45883623097538e+02 4.25083358161448e+02 4.20800264936090e+02 9.57829602540426e-16 9.62259215371117e-16 9.53396118318696e-16
1254 2.38768250746432e-12 8.40924825126566e+02 4.23286231990767e+02 4.17638593135798e+02 9.55857959883477e-16 9.61882476596113e-16 9.49828493022542e-16
1368 2.60474455359744e-12 8.36098762254132e+02 4.21547951045882e+02 4.14550811208251e+02 9.53946528973638e-16 9.61566189341436e-16 9.46321101977814e-16
1482 2.82180659973055e-12 8.31245977361720e+02 4.19815287221572e+02 4.11430690140149e+02 9.52001280321167e-16 9.61244649129547e-16 9.42750999597484e-16
1596 3.03886864586367e-12 8.26429826061046e+02 4.18087612894525e+02 4.08342213166520e+02 9.50075736499452e-16 9.60936933590407e-16 9.39206799806318e-16
1710 3.25593069199679e-12 8.21587663937110e+02 4.16355393516209e+02 4.05232270420901e+02 9.48116789800838e-16 9.60621469299595e-16 9.35603477720654e-16
1824 3.47299273812991e-12 8.16770818642718e+02 4.14640496558673e+02 4.02130322084046e+02 9.46170479090046e-16 9.60351244733356e-16 9.31980514788433e-16
1938 3.69005478426304e-12 8.11952171766298e+02 4.12900564766921e+02 3.99051606999377e+02 9.44202066878642e-16 9.60022308417754e-16 9.28372448641875e-16
2052 3.90711683039621e-12 8.07100204666466e+02 4.11146614249732e+02 3.95953590416734e+02 9.42217517103136e-16 9.59686601418001e-16 9.24738694571307e-16
2166 4.12417887652938e-12 8.02294725357942e+02 4.09419294432213e+02 3.92875430925729e+02 9.40252795371502e-16 9.59374909311909e-16 9.21120053253020e-16
2280 4.34124092266254e-12 7.97491968169783e+02 4.07687829455213e+02 3.89804138714571e+02 9.38275385640944e-16 9.59069232661708e-16 9.17470829644056e-16
2394 4.55830296879571e-12 7.92656593154471e+02 4.05931866537860e+02 3.86724726616612e+02 9.36264439667255e-16 9.58724041816234e-16 9.13794182942921e-16
2508 4.77536501492887e-12 7.87875278025661e+02 4.04190895750479e+02 3.83684382275182e+02 9.34280397489231e-16 9.58392510920607e-16 9.10157967907228e-16
2622 4.99242706106204e-12 7.83080292563510e+02 4.02454479103671e+02 3.80625813459839e+02 9.32260300844437e-16 9.58056135955312e-16 9.06454163131375e-16
2736 5.20948910719520e-12 7.78315611752474e+02 4.00724888483251e+02 3.77590723269222e+02 9.30260775047730e-16 9.57730316789002e-16 9.02780851575295e-16
2850 5.42655115332837e-12 7.73507170178906e+02 3.98949781605687e+02 3.74557388573220e+02 9.28217147534028e-16 9.57324250148085e-16 8.99100068150037e-16
2964 5.64361319946153e-12 7.68763111418112e+02 3.97216086082519e+02 3.71547025335592e+02 9.26217159480817e-16 9.57002358424751e-16 8.95422870677243e-16
3078 5.86067524559470e-12 7.64020360652052e+02 3.95467327599047e+02 3.68553033053005e+02 9.24195212140523e-16 9.56622618719233e-16 8.91759031707158e-16
3192 6.07773729172787e-12 7.59290269459912e+02 3.93728969730575e+02 3.65561299729338e+02 9.22167787171379e-16 9.56258442499925e-16 8.88068621702147e-16
3306 6.29479933786103e-12 7.54563935698463e+02 3.91945756630521e+02 3.62618179067942e+02 9.20134790576822e-16 9.55810912256562e-16 8.84452197160359e-16
3420 6.51186138399420e-12 7.49826398752624e+02 3.90189030884547e+02 3.59637367868076e+02 9.18087749710138e-16 9.55423485551296e-16 8.80746407139508e-16
3534 6.72892343012736e-12 7.45123980020794e+02 3.88406811916115e+02 3.56717168104679e+02 9.16052521111432e-16 9.54952098043079e-16 8.77148092564364e-16
3648 6.94598547626053e-12 7.40414656479218e+02 3.86661756048383e+02 3.53752900430834e+02 9.13996421326819e-16 9.54577904453585e-16 8.73411326343459e-16
