#[0]step() [1]time(s) [2]total(J) [3]ions(J) [4]electrons(J) [5]total_mean(J) [6]ions_mean(J) [7]electrons_mean(J)
0 0.00000000000000e+00 0.00000000000000e+00 0.00000000000000e+00 0.00000000000000e+00 0.00000000000000e+00 0.00000000000000e+00 0.00000000000000e+00
114 2.17062046133120e-13 8.90809235604243e+02 4.42502690346143e+02 4.48306545258100e+02 9.72885218601912e-16 9.64946269099966e-16 9.80850545093903e-16
228 4.34124092266240e-13 8.85459165005001e+02 4.40066590896274e+02 4.45392574108727e+02 9.71441518687348e-16 9.64608561006930e-16 9.78288513522720e-16
342 6.51186138399359e-13 8.80326627048615e+02 4.38073098553823e+02 4.42253528494792e+02 9.70027163636724e-16 9.64694504743491e-16 9.75367857913264e-16
456 8.68248184532479e-13 8.75275052942313e+02 4.36219127171569e+02 4.39055925770744e+02 9.68481408027914e-16 9.64722740615217e-16 9.72244908037329e-16
570 1.08531023066560e-12 8.70291247423187e+02 4.34356003100834e+02 4.35935244322352e+02 9.66862410797286e-16 9.64566962443352e-16 9.69160435355397e-16
684 1.30237227679872e-12 8.65423808747182e+02 4.32593753297238e+02 4.32830055449944e+02 9.65243642258758e-16 9.64469880736101e-16 9.66018222853122e-16
798 1.51943432293184e-12 8.60607156456925e+02 4.30826599432193e+02 4.29780557024732e+02 9.63605291739101e-16 9.64306945169513e-16 9.62902954619648e-16
912 1.73649636906496e-12 8.55831586323763e+02 4.29109490925383e+02 4.26722095398381e+02 9.61928958518827e-16 9.64162813451638e-16 9.59693019707348e-16
1026 1.95355841519808e-12 8.51072319850215e+02 4.27398405585924e+02 4.23673914264291e+02 9.60247145562736e-16 9.64046987207971e-16 9.56444130240448e-16
1140 2.17062046133120e-12 8.46354587943871e+02 4.25724940435421e+02 4.20629647508450e+02 9.58542969880585e-16 9.63917165722555e-16 9.53164350919482e-16
1254 2.38768250746432e-12 8.41609772275524e+02 4.24063052804473e+02 4.17546719471051e+02 9.56825639704516e-16 9.63840282119571e-16 9.49805263340019e-16
1368 2.60474455359744e-12 8.36866778153325e+02 4.22376653468617e+02 4.14490124684708e+02 9.55087940185120e-16 9.63703568561949e-16 9.46465425126908e-16
1482 2.82180659973055e-12 8.32166574989970e+02 4.20687801289475e+02 4.11478773700495e+02 9.53377838603549e-16 9.63589512477447e-16 9.43158983069866e-16
1596 3.03886864586367e-12 8.27446184734432e+02 4.19015621475981e+02 4.08430563258451e+02 9.51638982413568e-16 9.63465370909949e-16 9.39804062302479e-16
1710 3.25593069199679e-12 8.22701648762677e+02 4.17345328599233e+02 4.05356320163444e+02 9.49836628285620e-16 9.63363260275377e-16 9.36301145290269e-16
1824 3.47299273812991e-12 8.18015148610832e+02 4.15705909859319e+02 4.02309238751513e+02 9.48077787002447e-16 9.63295066267773e-16 9.32850728283104e-16
1938 3.69005478426304e-12 8.13275604845130e+02 4.14013067041140e+02 3.99262537803990e+02 9.46276296529381e-16 9.63147765065817e-16 9.29394618839832e-16
2052 3.90711683039621e-12 8.08532116929559e+02 4.12299980185381e+02 3.96232136744178e+02 9.44457895492237e-16 9.62957806405636e-16 9.25947639490354e-16
2166 4.12417887652938e-12 8.03777854766602e+02 4.10600253891378e+02 3.93177600875225e+02 9.42630734848546e-16 9.62799740167556e-16 9.22450690258353e-16
2280 4.34124092266254e-12 7.98974918809732e+02 4.08857505099924e+02 3.90117413709808e+02 9.40721455933855e-16 9.62543890006609e-16 9.18888030327685e-16
2394 4.55830296879571e-12 7.94260702528549e+02 4.07167668570623e+02 3.87093033957927e+02 9.38883467045201e-16 9.62404101688882e-16 9.15352600558849e-16
2508 4.77536501492887e-12 7.89514255028782e+02 4.05448657771468e+02 3.84065597257314e+02 9.37037583068130e-16 9.62195798046799e-16 9.11867843108709e-16
2622 4.99242706106204e-12 7.84746009191994e+02 4.03685797492360e+02 3.81060211699634e+02 9.35130127628801e-16 9.61906349657317e-16 9.08343593030500e-16
2736 5.20948910719520e-12 7.80070896707196e+02 4.01988039275160e+02 3.78082857432036e+02 9.33243521767214e-16 9.61668230099743e-16 9.04808500016086e-16
2850 5.42655115332837e-12 7.75314978280055e+02 4.00232842473279e+02 3.75082135806777e+02 9.31318289049619e-16 9.61363653681995e-16 9.01262547515215e-16
2964 5.64361319946153e-12 7.70609232601329e+02 3.98523108653223e+02 3.72086123948106e+02 9.29420972844923e-16 9.61156749750376e-16 8.97675321989319e-16
3078 5.86067524559470e-12 7.65923457705743e+02 3.96782801355490e+02 3.69140656350253e+02 9.27515153603182e-16 9.60867374090945e-16 8.94154479199443e-16
3192 6.07773729172787e-12 7.61255343659237e+02 3.95070686105950e+02 3.66184657553286e+02 9.25619134390946e-16 9.60632857947861e-16 8.90597454582900e-16
3306 6.29479933786103e-12 7.56560084951951e+02 3.93353511030428e+02 3.63206573921523e+02 9.23695076839485e-16 9.60408054826006e-16 8.86974923000915e-16
3420 6.51186138399420e-12 7.51913342517985e+02 3.91621881328784e+02 3.60291461189202e+02 9.21794348216924e-16 9.60125648948424e-16 8.83456846730044e-16
3534 6.72892343012736e-12 7.47258510278068e+02 3.89903045377745e+02 3.57355464900323e+02 9.19860657549194e-16 9.59867873697128e-16 8.79848587824470e-16
3648 6.94598547626053e-12 7.42642533544316e+02 3.88151852832439e+02 3.54490680711877e+02 9.17929319203607e-16 9.59505860722159e-16 8.76350202308778e-16
