#[0]step() [1]time(s) [2]total_lev0(J) [3]E_lev0(J) [4]B_lev0(J)
0 0.00000000000000e+00 2.35973584568845e+01 7.54888503162980e-06 2.35973509079994e+01
114 2.17062046133120e-13 2.53944060119095e+01 2.38547747351682e+00 2.30089285383926e+01
228 4.34124092266240e-13 2.54115620183722e+01 2.42705315773079e+00 2.29845088606414e+01
342 6.51186138399359e-13 2.53923842589625e+01 2.42467956787108e+00 2.29677046910914e+01
456 8.68248184532479e-13 2.54347482029002e+01 2.45786164487569e+00 2.29768865580245e+01
570 1.08531023066560e-12 2.54944318512239e+01 2.49528819794513e+00 2.29991436532788e+01
684 1.30237227679872e-12 2.55405330024787e+01 2.51494437097650e+00 2.30255886315022e+01
798 1.51943432293184e-12 2.55801710489377e+01 2.54174691573554e+00 2.30384241332021e+01
912 1.73649636906496e-12 2.55766912407624e+01 2.54019987874191e+00 2.30364913620205e+01
1026 1.95355841519808e-12 2.56002506614281e+01 2.58245568559974e+00 2.30177949758284e+01
1140 2.17062046133120e-12 2.55778814746060e+01 2.59242219436345e+00 2.29854592802425e+01
1254 2.38768250746432e-12 2.55442380192448e+01 2.60756226851024e+00 2.29366757507346e+01
1368 2.60474455359744e-12 2.54879353913626e+01 2.61740137471601e+00 2.28705340166466e+01
1482 2.82180659973055e-12 2.54292302483805e+01 2.63658887623119e+00 2.27926413721493e+01
1596 3.03886864586367e-12 2.53637132641510e+01 2.65899221584907e+00 2.27047210483019e+01
1710 3.25593069199679e-12 2.52747033361947e+01 2.66018537200679e+00 2.26145179641879e+01
1824 3.47299273812991e-12 2.51880916794942e+01 2.67163635614683e+00 2.25164553233473e+01
1938 3.69005478426304e-12 2.51017432630992e+01 2.68629628011472e+00 2.24154469829845e+01
2052 3.90711683039621e-12 2.49827559591380e+01 2.67509957861802e+00 2.23076563805199e+01
2166 4.12417887652938e-12 2.48847097347336e+01 2.67893750963273e+00 2.22057722251009e+01
2280 4.34124092266254e-12 2.47796401103896e+01 2.68455049559258e+00 2.20950896147970e+01
2394 4.55830296879571e-12 2.46893148481807e+01 2.70053678243452e+00 2.19887780657462e+01
2508 4.77536501492887e-12 2.45776421656927e+01 2.68568902593402e+00 2.18919531397587e+01
2622 4.99242706106204e-12 2.44805090030786e+01 2.69092242632950e+00 2.17895865767491e+01
2736 5.20948910719520e-12 2.44166677346269e+01 2.72796728427104e+00 2.16887004503558e+01
2850 5.42655115332837e-12 2.42903809818918e+01 2.72249066339400e+00 2.15678903184978e+01
2964 5.64361319946153e-12 2.41763344002955e+01 2.71541540613035e+00 2.14609189941652e+01
3078 5.86067524559470e-12 2.40748468741517e+01 2.72283268892351e+00 2.13520141852281e+01
3192 6.07773729172787e-12 2.39780929799024e+01 2.73771088135309e+00 2.12403820985493e+01
3306 6.29479933786103e-12 2.38429417799051e+01 2.72139702579029e+00 2.11215447541148e+01
3420 6.51186138399420e-12 2.37606266366475e+01 2.74316875803781e+00 2.10174578786097e+01
3534 6.72892343012736e-12 2.36493462887783e+01 2.74515418234099e+00 2.09041921064373e+01
3648 6.94598547626053e-12 2.35408690424684e+01 2.75033924553727e+00 2.07905297969311e+01
