#[0]step() [1]time(s) [2]total(J) [3]ions(J) [4]electrons(J) [5]total_mean(J) [6]ions_mean(J) [7]electrons_mean(J)
0 0.00000000000000e+00 0.00000000000000e+00 0.00000000000000e+00 0.00000000000000e+00 0.00000000000000e+00 0.00000000000000e+00 0.00000000000000e+00
114 2.17062046133120e-13 1.98228966632615e+03 9.83805827252594e+02 9.98483839073561e+02 9.72692419211619e-16 9.64425251575370e-16 9.80977862105996e-16
228 4.34124092266240e-13 1.97436448427296e+03 9.80077708657588e+02 9.94286775615373e+02 9.71683303090348e-16 9.64044084515316e-16 9.79332770128113e-16
342 6.51186138399359e-13 1.96686273435158e+03 9.77225381777593e+02 9.89637352573989e+02 9.70744518349535e-16 9.64141185107348e-16 9.77354394307335e-16
456 8.68248184532479e-13 1.95949898010688e+03 9.74542184945897e+02 9.84956795160983e+02 9.69722376500215e-16 9.64174471077134e-16 9.75274816742656e-16
570 1.08531023066560e-12 1.95229873089815e+03 9.72003804171308e+02 9.80294926726839e+02 9.68683150684724e-16 9.64217514922279e-16 9.73152046096235e-16
684 1.30237227679872e-12 1.94518474448666e+03 9.69543514219918e+02 9.75641230266747e+02 9.67620209909157e-16 9.64256403119533e-16 9.70986323633735e-16
798 1.51943432293184e-12 1.93810624331678e+03 9.67056324252008e+02 9.71049919064768e+02 9.66544471478452e-16 9.64256263766992e-16 9.68834087206468e-16
912 1.73649636906496e-12 1.93114902705426e+03 9.64638862982557e+02 9.66510164071703e+02 9.65499755798772e-16 9.64291875316506e-16 9.66708318650436e-16
1026 1.95355841519808e-12 1.92418416512802e+03 9.62232583489404e+02 9.61951581638618e+02 9.64436440681651e-16 9.64313758809134e-16 9.64559189624863e-16
1140 2.17062046133120e-12 1.91724792615054e+03 9.59795987275264e+02 9.57451938875275e+02 9.63379031996632e-16 9.64306896479224e-16 9.62450686336308e-16
1254 2.38768250746432e-12 1.91034635811017e+03 9.57375223959055e+02 9.52971134151118e+02 9.62332383966852e-16 9.64330232214066e-16 9.60333621035370e-16
1368 2.60474455359744e-12 1.90352005651331e+03 9.54969083279024e+02 9.48550973234288e+02 9.61326250592843e-16 9.64355136636547e-16 9.58296029878515e-16
1482 2.82180659973055e-12 1.89662086932785e+03 9.52523871453644e+02 9.44096997874206e+02 9.60311992850806e-16 9.64371800482738e-16 9.56250442383206e-16
1596 3.03886864586367e-12 1.88973443593779e+03 9.50064928930542e+02 9.39669507007250e+02 9.59296404579774e-16 9.64389216308881e-16 9.54201646224126e-16
1710 3.25593069199679e-12 1.88289971117297e+03 9.47595142349835e+02 9.35304568823138e+02 9.58312074029811e-16 9.64391371147545e-16 9.52230556859025e-16
1824 3.47299273812991e-12 1.87606703110454e+03 9.45139755554606e+02 9.30927275549936e+02 9.57326714918215e-16 9.64419623867224e-16 9.50231459612916e-16
1938 3.69005478426304e-12 1.86926565415015e+03 9.42659815212613e+02 9.26605838937541e+02 9.56355739773276e-16 9.64413958776493e-16 9.48294924548210e-16
2052 3.90711683039621e-12 1.86245374015769e+03 9.40143104930063e+02 9.22310635227629e+02 9.55398269037021e-16 9.64407821881778e-16 9.46386135241199e-16
2166 4.12417887652938e-12 1.85568138153725e+03 9.37654248807904e+02 9.18027132729343e+02 9.54449190140483e-16 9.64423209658038e-16 9.44472668166321e-16
2280 4.34124092266254e-12 1.84890912309333e+03 9.35141282325609e+02 9.13767840767717e+02 9.53506953727655e-16 9.64417285190801e-16 9.42594082550235e-16
2394 4.55830296879571e-12 1.84208157538331e+03 9.32623906204438e+02 9.09457669178871e+02 9.52548718123789e-16 9.64426662176725e-16 9.40668275569117e-16
2508 4.77536501492887e-12 1.83538798506096e+03 9.30118569079257e+02 9.05269415981699e+02 9.51636525798331e-16 9.64429077297925e-16 9.38841544831035e-16
2622 4.99242706106204e-12 1.82859561473044e+03 9.27568072903875e+02 9.01027541826568e+02 9.50688785431184e-16 9.64411738749377e-16 9.36963683405716e-16
2736 5.20948910719520e-12 1.82182462502941e+03 9.25009942683863e+02 8.96814682345542e+02 9.49732916417297e-16 9.64368107336759e-16 9.35095805862092e-16
2850 5.42655115332837e-12 1.81515752937634e+03 9.22497541259386e+02 8.92659988116951e+02 9.48837369320844e-16 9.64383395765072e-16 9.33289699856463e-16
2964 5.64361319946153e-12 1.80849572847541e+03 9.20003749051851e+02 8.88491979423556e+02 9.47945604870736e-16 9.64419231663644e-16 9.31470486445616e-16
3078 5.86067524559470e-12 1.80179772823681e+03 9.17470938951625e+02 8.84326789285188e+02 9.47027804693488e-16 9.64419822416538e-16 9.29634755377363e-16
3192 6.07773729172787e-12 1.79506871353169e+03 9.14903650674522e+02 8.80165062857167e+02 9.46102549611798e-16 9.64398194498019e-16 9.27806390526979e-16
3306 6.29479933786103e-12 1.78846682844754e+03 9.12375085257122e+02 8.76091743190414e+02 9.45218070192802e-16 9.64389089016458e-16 9.26046852645537e-16
3420 6.51186138399420e-12 1.78173922620948e+03 9.09793515578054e+02 8.71945710631430e+02 9.44267849495842e-16 9.64333416029696e-16 9.24202589903149e-16
3534 6.72892343012736e-12 1.77509763123200e+03 9.07219704425869e+02 8.67877926806132e+02 9.43354312296869e-16 9.64294086279306e-16 9.22415930593362e-16
3648 6.94598547626053e-12 1.76847083555272e+03 9.04696975037259e+02 8.63773860515458e+02 9.42431628379013e-16 9.64281481678837e-16 9.20583660819815e-16
