#[0]step() [1]time(s) [2]total(J) [3]ions(J) [4]electrons(J) [5]total_mean(J) [6]ions_mean(J) [7]electrons_mean(J)
0 0.00000000000000e+00 0.00000000000000e+00 0.00000000000000e+00 0.00000000000000e+00 0.00000000000000e+00 0.00000000000000e+00 0.00000000000000e+00
76 2.17062046133125e-13 8.92085793247801e+02 4.42635440234047e+02 4.49450353013754e+02 9.74406298949777e-16 9.65009208218173e-16 9.83841508757779e-16
152 4.34124092266248e-13 8.86377179062652e+02 4.40242705982341e+02 4.46134473080311e+02 9.72614916661268e-16 9.64741362239173e-16 9.80511496148150e-16
228 6.51186138399375e-13 8.80739757219096e+02 4.37993107400470e+02 4.42746649818626e+02 9.70866072694021e-16 9.64670612280521e-16 9.77073818233477e-16
304 8.68248184532502e-13 8.75454711459662e+02 4.36013156363754e+02 4.39441555095908e+02 9.69116253811094e-16 9.64556228809258e-16 9.73683516202498e-16
380 1.08531023066562e-12 8.70201936388396e+02 4.34041696556822e+02 4.36160239831574e+02 9.67241872386436e-16 9.64244568809450e-16 9.70243173059467e-16
456 1.30237227679874e-12 8.65085650715193e+02 4.32197128047953e+02 4.32888522667239e+02 9.65355131464627e-16 9.63995339250343e-16 9.66716584267771e-16
532 1.51943432293186e-12 8.60029678967595e+02 4.30357366329996e+02 4.29672312637599e+02 9.63449417182236e-16 9.63692634584043e-16 9.63205935032975e-16
608 1.73649636906498e-12 8.55052212040471e+02 4.28549579985992e+02 4.26502632054478e+02 9.61556205848795e-16 9.63371605468938e-16 9.59738971709578e-16
684 1.95355841519811e-12 8.50055623539613e+02 4.26745048690952e+02 4.23310574848661e+02 9.59593642681592e-16 9.63011923940650e-16 9.56172103078174e-16
760 2.17062046133125e-12 8.45129069578836e+02 4.24986881301441e+02 4.20142188277395e+02 9.57654718786200e-16 9.62713609432549e-16 9.52591297984123e-16
836 2.38768250746438e-12 8.40197421909494e+02 4.23161157735192e+02 4.17036264174303e+02 9.55676660055299e-16 9.62268252971425e-16 9.49079925889222e-16
912 2.60474455359752e-12 8.35354298575083e+02 4.21431062490472e+02 4.13923236084611e+02 9.53725222465945e-16 9.61932039567543e-16 9.45512176995601e-16
988 2.82180659973065e-12 8.30490841661268e+02 4.19660729768890e+02 4.10830111892379e+02 9.51768899963975e-16 9.61541206949766e-16 9.41989519662585e-16
1064 3.03886864586379e-12 8.25647340383597e+02 4.17897385442340e+02 4.07749954941257e+02 9.49795869654786e-16 9.61165508159614e-16 9.38419046039025e-16
1140 3.25593069199692e-12 8.20829043820034e+02 4.16145154888977e+02 4.04683888931057e+02 9.47822694407860e-16 9.60781945074937e-16 9.34856016819057e-16
1216 3.47299273813005e-12 8.15994887880720e+02 4.14409253595027e+02 4.01585634285693e+02 9.45814803157263e-16 9.60408361676083e-16 9.31213030192231e-16
1292 3.69005478426318e-12 8.11192545955554e+02 4.12669812830265e+02 3.98522733125289e+02 9.43828587058141e-16 9.60030331372337e-16 9.27618115740080e-16
1368 3.90711683039629e-12 8.06366731536259e+02 4.10926180882758e+02 3.95440550653501e+02 9.41821149034379e-16 9.59669920509237e-16 9.23963516614861e-16
1444 4.12417887652939e-12 8.01616150569381e+02 4.09234886859268e+02 3.92381263710113e+02 9.39851224086736e-16 9.59394160209652e-16 9.20299444615866e-16
1520 4.34124092266249e-12 7.96917528630629e+02 4.07537178143209e+02 3.89380350487419e+02 9.37922277494139e-16 9.59093750334803e-16 9.16742062158483e-16
1596 4.55830296879560e-12 7.92155702653270e+02 4.05814244215318e+02 3.86341458437952e+02 9.35931369531465e-16 9.58764854093964e-16 9.13089614853506e-16
1672 4.77536501492870e-12 7.87442818074839e+02 4.04104325514495e+02 3.83338492560344e+02 9.33944617713324e-16 9.58428562159254e-16 9.09453247440161e-16
1748 4.99242706106181e-12 7.82683429019362e+02 4.02362639551616e+02 3.80320789467746e+02 9.31933244240382e-16 9.58053446952084e-16 9.05806235302532e-16
1824 5.20948910719491e-12 7.77914765654904e+02 4.00592041913234e+02 3.77322723741671e+02 9.29922565685409e-16 9.57628601384724e-16 9.02210152390293e-16
1900 5.42655115332802e-12 7.73148113343948e+02 3.98849638428727e+02 3.74298474915222e+02 9.27875048206535e-16 9.57252105881429e-16 8.98492623854082e-16
1976 5.64361319946112e-12 7.68377740219208e+02 3.97073328066875e+02 3.71304412152333e+02 9.25810221940966e-16 9.56808642901139e-16 8.94808543309411e-16
2052 5.86067524559422e-12 7.63694305992074e+02 3.95338400199960e+02 3.68355905792113e+02 9.23797461554603e-16 9.56408453938613e-16 8.91184546517755e-16
2128 6.07773729172733e-12 7.58973362013012e+02 3.93584672833266e+02 3.65388689179746e+02 9.21734253493774e-16 9.55961416676608e-16 8.87505986528485e-16
2204 6.29479933786043e-12 7.54254799781127e+02 3.91844262007400e+02 3.62410537773727e+02 9.19657346892061e-16 9.55539810738960e-16 8.83774442910686e-16
2280 6.51186138399354e-12 7.49608668195645e+02 3.90087017219787e+02 3.59521650975858e+02 9.17644374505880e-16 9.55085233694162e-16 8.80205382889682e-16
2356 6.72892343012664e-12 7.44954247638763e+02 3.88351885499864e+02 3.56602362138899e+02 9.15592842545817e-16 9.54675361272049e-16 8.76515275056339e-16
2432 6.94598547625974e-12 7.40329769894242e+02 3.86611298757189e+02 3.53718471137053e+02 9.13559793441554e-16 9.54217585546445e-16 8.72907826369486e-16
