#[0]step() [1]time(s) [2]total(J) [3]ions(J) [4]electrons(J) [5]total_mean(J) [6]ions_mean(J) [7]electrons_mean(J)
0 0.00000000000000e+00 0.00000000000000e+00 0.00000000000000e+00 0.00000000000000e+00 0.00000000000000e+00 0.00000000000000e+00 0.00000000000000e+00
228 2.17062046133120e-13 8.90802132862239e+02 4.42504929519084e+02 4.48297203343155e+02 9.72883950566670e-16 9.64941684530267e-16 9.80852867723839e-16
456 4.34124092266239e-13 8.85446584117531e+02 4.40073547536958e+02 4.45373036580573e+02 9.71437530583310e-16 9.64604118230853e-16 9.78285399398979e-16
684 6.51186138399359e-13 8.80303934970880e+02 4.38082816938885e+02 4.42221118031995e+02 9.70029346120747e-16 9.64702362885028e-16 9.75364805394698e-16
912 8.68248184532478e-13 8.75235864014257e+02 4.36223182993691e+02 4.39012681020565e+02 9.68489052971458e-16 9.64740995602477e-16 9.72242252596337e-16
1140 1.08531023066560e-12 8.70240549834366e+02 4.34362147707345e+02 4.35878402127021e+02 9.66885676649806e-16 9.64605283877163e-16 9.69168887949338e-16
1368 1.30237227679872e-12 8.65343315869280e+02 4.32588658428291e+02 4.32754657440989e+02 9.65264614437253e-16 9.64511402501484e-16 9.66018714097945e-16
1596 1.51943432293184e-12 8.60518548233441e+02 4.30819055922251e+02 4.29699492311190e+02 9.63637737957180e-16 9.64355691105899e-16 9.62918986611230e-16
1824 1.73649636906496e-12 8.55718339926567e+02 4.29095581994475e+02 4.26622757932092e+02 9.61964748557780e-16 9.64227999733294e-16 9.59699070939225e-16
2052 1.95355841519810e-12 8.50957620709850e+02 4.27402024877632e+02 4.23555595832218e+02 9.60296607621849e-16 9.64140889150142e-16 9.56448365719724e-16
2280 2.17062046133127e-12 8.46190344131203e+02 4.25692306461508e+02 4.20498037669695e+02 9.58606835701913e-16 9.64007426852551e-16 9.53200821819693e-16
2508 2.38768250746444e-12 8.41433155424262e+02 4.24034425208136e+02 4.17398730216126e+02 9.56878593433599e-16 9.63949752926542e-16 9.49800462274126e-16
2736 2.60474455359760e-12 8.36716749394252e+02 4.22362008909428e+02 4.14354740484823e+02 9.55182822953331e-16 9.63858039452710e-16 9.46499218305121e-16
2964 2.82180659973077e-12 8.31956359766495e+02 4.20671281490718e+02 4.11285078275777e+02 9.53447416500429e-16 9.63757294967973e-16 9.43127970009269e-16
3192 3.03886864586393e-12 8.27236045266592e+02 4.18990706283901e+02 4.08245338982691e+02 9.51713729477713e-16 9.63640168565029e-16 9.39776497487386e-16
3420 3.25593069199710e-12 8.22513071766072e+02 4.17352666240030e+02 4.05160405526043e+02 9.49958668565583e-16 9.63599539405552e-16 9.36305319334966e-16
3648 3.47299273813026e-12 8.17741419223487e+02 4.15666913270751e+02 4.02074505952736e+02 9.48170273982399e-16 9.63519510813814e-16 9.32807932179575e-16
3876 3.69005478426343e-12 8.12997088759216e+02 4.13968004547861e+02 3.99029084211356e+02 9.46379409828982e-16 9.63357747083582e-16 9.29386561740802e-16
4104 3.90711683039659e-12 8.08276239863699e+02 4.12299389426493e+02 3.95976850437206e+02 9.44611237789987e-16 9.63270524597884e-16 9.25935810624512e-16
4332 4.12417887652976e-12 8.03518727217387e+02 4.10588216821226e+02 3.92930510396161e+02 9.42794985432360e-16 9.63127009128926e-16 9.22446643382159e-16
4560 4.34124092266293e-12 7.98730079143666e+02 4.08855588767622e+02 3.89874490376045e+02 9.40955109040767e-16 9.62920991065695e-16 9.18971195365472e-16
4788 4.55830296879609e-12 7.93921356798607e+02 4.07125576477326e+02 3.86795780321281e+02 9.39089803750283e-16 9.62737486067709e-16 9.15422491650184e-16
5016 4.77536501492926e-12 7.89165179939853e+02 4.05398736069679e+02 3.83766443870174e+02 9.37235612241894e-16 9.62548155188266e-16 9.11903149100956e-16
5244 4.99242706106242e-12 7.84409451046140e+02 4.03670352178646e+02 3.80739098867495e+02 9.35366765262055e-16 9.62330495899478e-16 9.08381699340246e-16
5472 5.20948910719559e-12 7.79673266275190e+02 4.01950724339872e+02 3.77722541935317e+02 9.33503490559280e-16 9.62154796159391e-16 9.04830908313684e-16
5700 5.42655115332875e-12 7.74939803422152e+02 4.00219513066847e+02 3.74720290355306e+02 9.31625479477715e-16 9.61913347484841e-16 9.01314487193599e-16
5928 5.64361319946192e-12 7.70162836099643e+02 3.98465125731290e+02 3.71697710368353e+02 9.29713817354073e-16 9.61672999936320e-16 8.97731129723891e-16
6156 5.86067524559508e-12 7.65431583129096e+02 3.96722377494387e+02 3.68709205634708e+02 9.27815898196465e-16 9.61432612819569e-16 8.94175442288092e-16
6384 6.07773729172825e-12 7.60743304050896e+02 3.95024128977744e+02 3.65719175073152e+02 9.25941946692503e-16 9.61267907870433e-16 8.90590789412798e-16
6612 6.29479933786142e-12 7.56039434060493e+02 3.93295235610131e+02 3.62744198450363e+02 9.24047551874700e-16 9.61068899957052e-16 8.87001636003376e-16
6840 6.51186138399458e-12 7.51361435266491e+02 3.91569706876829e+02 3.59791728389662e+02 9.22157841062551e-16 9.60832903309848e-16 8.83456481055807e-16
7068 6.72892343012775e-12 7.46673646375034e+02 3.89827482836186e+02 3.56846163538848e+02 9.20225219614662e-16 9.60580956622542e-16 8.79844979912969e-16
7296 6.94598547626091e-12 7.42020417289860e+02 3.88093959484466e+02 3.53926457805394e+02 9.18329775057422e-16 9.60323705782811e-16 8.76310297668583e-16
