#[0]step() [1]time(s) [2]total_lev0(J) [3]E_lev0(J) [4]B_lev0(J)
0 0.00000000000000e+00 9.89512171309661e+00 3.34082184019258e-06 9.89511837227477e+00
114 2.17062046133120e-13 1.09226057462411e+01 1.14056599750245e+00 9.78203974873863e+00
228 4.34124092266240e-13 1.08950656217333e+01 1.11565006763472e+00 9.77941555409854e+00
342 6.51186138399359e-13 1.08753681293730e+01 1.10286854384727e+00 9.77249958552571e+00
456 8.68248184532479e-13 1.08801219816071e+01 1.11114094417011e+00 9.76898103743696e+00
570 1.08531023066560e-12 1.08963374579890e+01 1.12256452323776e+00 9.77377293475128e+00
684 1.30237227679872e-12 1.09187297588826e+01 1.13820004407657e+00 9.78052971480599e+00
798 1.51943432293184e-12 1.09303812684661e+01 1.13592498442585e+00 9.79445628404023e+00
912 1.73649636906496e-12 1.09545528455181e+01 1.14661979363961e+00 9.80793305187847e+00
1026 1.95355841519808e-12 1.09606801603748e+01 1.14524641124027e+00 9.81543374913450e+00
1140 2.17062046133120e-12 1.09804738333519e+01 1.15929340962682e+00 9.82118042372508e+00
1254 2.38768250746432e-12 1.09866315095520e+01 1.16075869117228e+00 9.82587281837971e+00
1368 2.60474455359744e-12 1.09878431417822e+01 1.16485369809263e+00 9.82298944368960e+00
1482 2.82180659973055e-12 1.09745587799078e+01 1.15246310189164e+00 9.82209567801616e+00
1596 3.03886864586367e-12 1.09777291301998e+01 1.15475106087380e+00 9.82297806932598e+00
1710 3.25593069199679e-12 1.09905671759371e+01 1.16602310910413e+00 9.82454406683299e+00
1824 3.47299273812991e-12 1.09881507187078e+01 1.16197935930924e+00 9.82617135939852e+00
1938 3.69005478426304e-12 1.09895487054347e+01 1.16543433471469e+00 9.82411437072005e+00
2052 3.90711683039621e-12 1.09864791694395e+01 1.16496477598043e+00 9.82151439345910e+00
2166 4.12417887652938e-12 1.09835033193100e+01 1.16937634711972e+00 9.81412697219024e+00
2280 4.34124092266254e-12 1.09893941830731e+01 1.17791178484841e+00 9.81148239822468e+00
2394 4.55830296879571e-12 1.09807095894579e+01 1.17938704082546e+00 9.80132254863242e+00
2508 4.77536501492887e-12 1.09630487732435e+01 1.17084618945498e+00 9.79220258378857e+00
2622 4.99242706106204e-12 1.09570939715975e+01 1.17552814759600e+00 9.78156582400151e+00
2736 5.20948910719520e-12 1.09510720497230e+01 1.17919313773494e+00 9.77187891198808e+00
2850 5.42655115332837e-12 1.09433749093647e+01 1.17867208894995e+00 9.76470282041480e+00
2964 5.64361319946153e-12 1.09337105412306e+01 1.18135365213615e+00 9.75235688909444e+00
3078 5.86067524559470e-12 1.09281684275727e+01 1.18374692858608e+00 9.74442149898663e+00
3192 6.07773729172787e-12 1.09164845947734e+01 1.18338534591598e+00 9.73309924885737e+00
3306 6.29479933786103e-12 1.08994127385105e+01 1.17838667510815e+00 9.72102606340233e+00
3420 6.51186138399420e-12 1.08871302877828e+01 1.17780456823573e+00 9.70932571954711e+00
3534 6.72892343012736e-12 1.08757419546399e+01 1.17956614115456e+00 9.69617581348532e+00
3648 6.94598547626053e-12 1.08629376210855e+01 1.17572831574576e+00 9.68720930533973e+00
