#[0]step() [1]time(s) [2]total_lev0(J) [3]E_lev0(J) [4]B_lev0(J)
0 0.00000000000000e+00 9.89477081480644e+00 3.34083233142403e-06 9.89476747397411e+00
76 2.17062046133125e-13 1.03708545671875e+01 6.27929914653760e-01 9.74292465253378e+00
152 4.34124092266248e-13 1.03710049106130e+01 6.29466383634394e-01 9.74153852697865e+00
228 6.51186138399375e-13 1.03609125592450e+01 6.30555162181804e-01 9.73035739706320e+00
304 8.68248184532502e-13 1.03466758885458e+01 6.22372208853407e-01 9.72430367969235e+00
380 1.08531023066562e-12 1.03437374159555e+01 6.14227288803347e-01 9.72951012715215e+00
456 1.30237227679874e-12 1.03567444066826e+01 6.18603339302109e-01 9.73814106738045e+00
532 1.51943432293186e-12 1.03742187019882e+01 6.20981679229283e-01 9.75323702275887e+00
608 1.73649636906498e-12 1.03923078820540e+01 6.26123017599250e-01 9.76618486445479e+00
684 1.95355841519811e-12 1.03989815409663e+01 6.26579473481357e-01 9.77240206748494e+00
760 2.17062046133125e-12 1.04182368835876e+01 6.37424630505544e-01 9.78081225308209e+00
836 2.38768250746438e-12 1.04213451599391e+01 6.32229490022922e-01 9.78911566991622e+00
912 2.60474455359752e-12 1.04346762348645e+01 6.39239594443077e-01 9.79543664042145e+00
988 2.82180659973065e-12 1.04232884198170e+01 6.28617822001264e-01 9.79467059781570e+00
1064 3.03886864586379e-12 1.04252818385194e+01 6.30790453179603e-01 9.79449138533978e+00
1140 3.25593069199692e-12 1.04360071417660e+01 6.37016851832901e-01 9.79899028993313e+00
1216 3.47299273813005e-12 1.04477115150016e+01 6.42966367832403e-01 9.80474514716917e+00
1292 3.69005478426318e-12 1.04488285899397e+01 6.42606175524577e-01 9.80622241441512e+00
1368 3.90711683039629e-12 1.04470516212322e+01 6.41496474654242e-01 9.80555514657797e+00
1444 4.12417887652939e-12 1.04456262261142e+01 6.41280716307400e-01 9.80434550980683e+00
1520 4.34124092266249e-12 1.04388170164395e+01 6.37827614684370e-01 9.80098940175510e+00
1596 4.55830296879560e-12 1.04382029082782e+01 6.44359364964471e-01 9.79384354331372e+00
1672 4.77536501492870e-12 1.04238211514627e+01 6.39579134488808e-01 9.78424201697392e+00
1748 4.99242706106181e-12 1.04283145106336e+01 6.48177720232424e-01 9.78013679040123e+00
1824 5.20948910719491e-12 1.04181987894547e+01 6.40018184887827e-01 9.77818060456686e+00
1900 5.42655115332802e-12 1.04152392414705e+01 6.43936514956079e-01 9.77130272651444e+00
1976 5.64361319946112e-12 1.04076544844454e+01 6.43114251211696e-01 9.76454023323370e+00
2052 5.86067524559422e-12 1.04040575462358e+01 6.44218283450257e-01 9.75983926278553e+00
2128 6.07773729172733e-12 1.03947431327005e+01 6.45531373396648e-01 9.74921175930382e+00
2204 6.29479933786043e-12 1.03948229820541e+01 6.53357014440690e-01 9.74146596761338e+00
2280 6.51186138399354e-12 1.03735753731190e+01 6.42147349847893e-01 9.73142802327109e+00
2356 6.72892343012664e-12 1.03678909544033e+01 6.47234048229360e-01 9.72065690617395e+00
2432 6.94598547625974e-12 1.03614970727983e+01 6.51126871001454e-01 9.71037020179683e+00
