#[0]step() [1]time(s) [2]total_lev0(J) [3]E_lev0(J) [4]B_lev0(J)
0 0.00000000000000e+00 9.89512171309661e+00 3.34082184019258e-06 9.89511837227477e+00
228 2.17062046133120e-13 1.09192126167806e+01 1.13719672650650e+00 9.78201589027410e+00
456 4.34124092266239e-13 1.08930071001130e+01 1.11360050225583e+00 9.77940659785721e+00
684 6.51186138399359e-13 1.08731305940526e+01 1.10046667208551e+00 9.77266392196704e+00
912 8.68248184532478e-13 1.08778577903546e+01 1.10874129491138e+00 9.76911649544317e+00
1140 1.08531023066560e-12 1.08927366759098e+01 1.11858213140652e+00 9.77415454450331e+00
1368 1.30237227679872e-12 1.09148242083155e+01 1.13367385892728e+00 9.78115034938823e+00
1596 1.51943432293184e-12 1.09266814375176e+01 1.13185837674546e+00 9.79482306077218e+00
1824 1.73649636906496e-12 1.09512173082796e+01 1.14310420597695e+00 9.80811310230266e+00
2052 1.95355841519810e-12 1.09586927052645e+01 1.14466166677905e+00 9.81403103848550e+00
2280 2.17062046133127e-12 1.09641658912114e+01 1.14404812231015e+00 9.82011776890123e+00
2508 2.38768250746444e-12 1.09814271170959e+01 1.15601554804902e+00 9.82541156904685e+00
2736 2.60474455359760e-12 1.09789461906785e+01 1.15363093266418e+00 9.82531525801434e+00
2964 2.82180659973077e-12 1.09810149316517e+01 1.15349508835680e+00 9.82751984329489e+00
3192 3.03886864586393e-12 1.09780706711793e+01 1.15190251166227e+00 9.82616815951700e+00
3420 3.25593069199710e-12 1.09827184584616e+01 1.15752441387134e+00 9.82519404459027e+00
3648 3.47299273813026e-12 1.09872022034989e+01 1.16128009052185e+00 9.82592211297704e+00
3876 3.69005478426343e-12 1.09897433128649e+01 1.16529548439297e+00 9.82444782847193e+00
4104 3.90711683039659e-12 1.09838620513300e+01 1.16366541364562e+00 9.82019663768436e+00
4332 4.12417887652976e-12 1.09802735426485e+01 1.16344635697530e+00 9.81682718567324e+00
4560 4.34124092266293e-12 1.09684861724059e+01 1.15757012247043e+00 9.81091604993551e+00
4788 4.55830296879609e-12 1.09644853606333e+01 1.16348582460410e+00 9.80099953602920e+00
5016 4.77536501492926e-12 1.09534531974787e+01 1.16160199280302e+00 9.79185120467570e+00
5244 4.99242706106242e-12 1.09540010691960e+01 1.16767136389867e+00 9.78632970529730e+00
5472 5.20948910719559e-12 1.09463657218518e+01 1.17028460124949e+00 9.77608112060231e+00
5700 5.42655115332875e-12 1.09333809237062e+01 1.16641667096451e+00 9.76696425274164e+00
5928 5.64361319946192e-12 1.09235967780500e+01 1.17251149853864e+00 9.75108527951135e+00
6156 5.86067524559508e-12 1.09033353608743e+01 1.16235589564941e+00 9.74097946522489e+00
6384 6.07773729172825e-12 1.08934015086135e+01 1.16218350709281e+00 9.73121800152064e+00
6612 6.29479933786142e-12 1.08748165651951e+01 1.15549233925871e+00 9.71932422593636e+00
6840 6.51186138399458e-12 1.08672396118202e+01 1.16296447254992e+00 9.70427513927027e+00
7068 6.72892343012775e-12 1.08481162306020e+01 1.15946568230456e+00 9.68865054829748e+00
7296 6.94598547626091e-12 1.08218740123672e+01 1.14815254572255e+00 9.67372146664464e+00
