#[0]step() [1]time(s) [2]total_lev0(J) [3]E_lev0(J) [4]B_lev0(J)
0 0.00000000000000e+00 2.35969284763780e+01 7.54890391796119e-06 2.35969209274741e+01
76 2.17062046133125e-13 2.53211551787332e+01 2.16515952302108e+00 2.31559956557122e+01
152 4.34124092266248e-13 2.56330864545520e+01 2.41179558779294e+00 2.32212908667591e+01
228 6.51186138399375e-13 2.56661196234549e+01 2.43444543994836e+00 2.32316741835066e+01
304 8.68248184532502e-13 2.57000225064501e+01 2.45103694500482e+00 2.32489855614453e+01
380 1.08531023066562e-12 2.58252106590373e+01 2.53025795765592e+00 2.32949527013814e+01
456 1.30237227679874e-12 2.58706828973968e+01 2.55610914900294e+00 2.33145737483938e+01
532 1.51943432293186e-12 2.59304672001423e+01 2.59725532010925e+00 2.33332118800330e+01
608 1.73649636906498e-12 2.59505643779093e+01 2.62789410485934e+00 2.33226702730500e+01
684 1.95355841519811e-12 2.59553936114431e+01 2.65565397815507e+00 2.32997396332881e+01
760 2.17062046133125e-12 2.59576030364099e+01 2.68795178829009e+00 2.32696512481198e+01
836 2.38768250746438e-12 2.59448907758729e+01 2.71616784084159e+00 2.32287229350313e+01
912 2.60474455359752e-12 2.59309669024181e+01 2.76699103152295e+00 2.31639758708952e+01
988 2.82180659973065e-12 2.59119548649868e+01 2.81093816115003e+00 2.31010167038368e+01
1064 3.03886864586379e-12 2.58261404114734e+01 2.81156654151095e+00 2.30145738699625e+01
1140 3.25593069199692e-12 2.57503677559853e+01 2.83028136489450e+00 2.29200863910908e+01
1216 3.47299273813005e-12 2.56781730831948e+01 2.86512063039027e+00 2.28130524528046e+01
1292 3.69005478426318e-12 2.55979589071235e+01 2.88121608856144e+00 2.27167428185621e+01
1368 3.90711683039629e-12 2.55122443063882e+01 2.89446512480714e+00 2.26177791815810e+01
1444 4.12417887652939e-12 2.54257321742593e+01 2.92170721311909e+00 2.25040249611402e+01
1520 4.34124092266249e-12 2.53155660796247e+01 2.90971749457893e+00 2.24058485850458e+01
1596 4.55830296879560e-12 2.52677015285557e+01 2.96737475473598e+00 2.23003267738197e+01
1672 4.77536501492870e-12 2.51532843099218e+01 2.96078600934936e+00 2.21924983005724e+01
1748 4.99242706106181e-12 2.50669842608637e+01 2.97783196818829e+00 2.20891522926754e+01
1824 5.20948910719491e-12 2.49657752269456e+01 2.99193317414963e+00 2.19738420527960e+01
1900 5.42655115332802e-12 2.48507942352708e+01 2.99581751608434e+00 2.18549767191864e+01
1976 5.64361319946112e-12 2.47704804717120e+01 3.01974012467429e+00 2.17507403470377e+01
2052 5.86067524559422e-12 2.46514039229080e+01 3.01370132948707e+00 2.16377025934209e+01
2128 6.07773729172733e-12 2.45715524072322e+01 3.04448838399475e+00 2.15270640232374e+01
2204 6.29479933786043e-12 2.44777924613509e+01 3.05692924983588e+00 2.14208632115150e+01
2280 6.51186138399354e-12 2.43743628444186e+01 3.06221027040986e+00 2.13121525740087e+01
2356 6.72892343012664e-12 2.43011133453932e+01 3.09212891813741e+00 2.12089844272558e+01
2432 6.94598547625974e-12 2.41818382372668e+01 3.07982369337046e+00 2.11020145438963e+01
